m=.43;
L=.495;
c=.00035;
d=.023;
J=.009;
g=9.8;